9016
8763
2059
5188
1033
6497
4284
9187
7865
4233
2063
7910
2027
7888
9428
7728
1543
9773
4734
9938
3137
7360
2955
8043
7311
8653
6358
4253
4965
2449
3461
9012
2214
6177
6301
2800
4334
4122
2704
2604
5495
1633
2344
5177
4213
1807
5878
2671
4332
5702
5307
8825
5589
1296
2672
4083
3166
2362
7525
3979
6770
5471
9591
9437
4179
2431
3057
6256
7791
9563
7446
9421
6342
1174
9257
5417
2156
3863
8489
5233
7654
1027
1250
1152
5235
4892
8523
3651
4783
6887
9305
2520
4574
2000
5514
8645
7044
6574
4031
5972
4689
2510
3857
3355
7872
5800
5892
2221
6179
1272
3425
6885
6129
9380
6290
4806
2614
4377
3766
9860
9761
1697
7921
9645
1135
3033
7183
8618
5638
6092
9787
3196
9652
1879
3686
9429
8214
9066
2590
7675
8439
3422
1792
4332
6803
4828
3806
8163
2193
8143
8991
4093
8401
2788
4845
8416
5610
2526
6713
3957
2451
8667
4494
9433
1438
7790
9394
6184
2165
8970
7952
6457
2224
1355
9210
4295
4836
3568
9099
9366
6286
2783
7789
7336
7234
4239
3783
4827
8731
7841
4773
4781
4118
7321
1239
6041
7238
7487
6513
8321
3693
5733
4559
8649
6781
3368
1274
7635
9289
9241
7285
9079
4486
6502
7139
3497
2340
6854
3042
2899
7146
8137
6360
9345
5896
1451
7837
2202
7648
8493
4973
3668
9386
8741
9681
7019
9150
4615
1573
2754
5610
1283
3971
3900
3034
1358
4605
7803
2909
2841
1973
4288
1968
7289
8941
1472
3198
1956
2777
6948
4270
9981
8222
3392
2674
8439
7767
7112
1803
3253
7458
1086
3854
9173
8825
5871
3040
7409
8630
8074
7405
6903
9614
7383
3264
9405
3974
3920
8151
4573
4555
1271
4896
1081
3803
7514
9088
4049
2404
6204
4792
6156
6783
9062
6588
6177
2219
7086
8547
1066
2634
8909
9609
9780
8254
7146
9010
3240
9412
5472
2130
1111
9550
4756
8246
5900
7073
9941
8465
7942
1588
2184
1642
1423
8771
7404
4506
6581
4650
4019
2488
2678
1060
7435
1805
1708
7389
7666
3211
3667
9985
2107
3637
9681
9861
5532
8574
5612
1184
6236
5139
6309
3614
4109
6117
1003
3189
1463
2081
9687
5279
3691
6748
5712
2478
3728
4103
1513
2766
8638
7513
6847
7618
6299
9349
3246
2896
7911
6652
4622
8985
6575
4881
9093
3679
8808
7977
1360
8763
1927
9520
9060
7952
8585
5186
9297
5805
7761
8343
6018
5779
5056
9667
2851
7468
9975
8630
4049
2726
8492
5975
3717
8347
9498
6269
5223
5060
4816
2195
8958
2384
1178
5548
3982
6384
9329
3536
4064
6542
9177
1594
9765
6452
7765
3086
5459
2492
2262
5659
5165
8955
7568
8213
5640
8770
8005
2828
1958
6733
7969
7672
4030
1736
9862
4067
5330
7184
4929
7822
9130
7085
1863
2882
8966
3707
7542
7118
7760
4033
3870
8854
1886
2714
1530
1790
5075
8203
4878
2872
5413
7430
6742
1154
5414
8594
7770
1337
3654
5747
7488
9378
5102
3137
2842
9701
4762
7767
2376
8035
6094
9717
8280
5818
1970
2357
8117
9633
9947
7620
8239
8883
6503
4767
9265
7490
8313
2563
9409
4053
3146
3777
4550
5448
4467
9337
4069
4460
1802
5789
8762
9434
1273
1085
1090
7202
3380
9041
7873
7786
3798
9434
2426
2418
1891
3756
4191
3051
7894
4342
9421
5366
5532
9890
7693
2861
5076
6306
1114
7122
4318
4378
1408
6885
7377
3266
3020
3895
4983
2821
3241
8311
9559
3312
8899
9882
1425
5531
7731
4930
1537
7752
8067
6486
2842
7657
8298
1550
2168
9993
7664
5720
2933
1855
9041
4791
6166
7351
4839
8947
3670
9140
5074
9072
8602
1466
4277
1873
8476
3573
4500
2530
7686
8516
1878
4534
7024
7031
1115
1280
6382
7298
8156
3395
2165
8349
7578
1991
7866
8742
1015
3757
3421
4024
1551
5508
6032
7482
4875
3573
8600
4521
3455
3626
6886
7754
8255
6810
9950
3289
5580
8104
9109
1662
1760
1546
5287
4596
7993
4673
8057
3717
7014
5936
9868
4123
6445
1251
9230
3796
5904
9714
1460
5280
2800
7397
3217
5845
2732
8640
6047
6664
5324
7803
9521
1555
6114
9876
9445
1534
9950
3272
6368
6523
6288
9529
8012
4895
1153
2929
7424
9538
1428
6235
3563
1189
5638
8268
7486
1692
9448
2850
1084
3567
8830
8275
9492
5663
2693
8043
2079
5459
7842
7693
3362
4242
9333
6877
7591
6085
4878
5692
7742
7148
6816
4105
2485
9845
9198
7020
8232
3698
5953
4380
5893
2903
7936
8485
6324
1755
9696
2150
5205
5808
7552
7172
7228
7943
2444
6502
2037
5649
7601
4403
9396
8245
2428
1466
7461
2138
7808
3921
1422
8445
4650
3614
3800
8806
4511
1468
3916
2805
7566
1099
5458
1006
7216
2910
6070
2108
2514
1231
4740
6103
9423
2995
1377
5101
2954
7356
4264
9106
2149
2923
1635
9319
4383
7663
4696
2087
8291
6658
7533
9451
3612
1543
8377
5384
3913
7945
8932
8651
9460
8469
3897
1221
4098
1529
4486
4670
1713
4215
8773
4557
3424
8638
3049
4147
7221
3966
2072
1547
1083
8334
3066
2146
5973
5058
6067
1353
6493
5765
2071
6344
9407
9302
2255
6447
8461
7182
1114
2644
2385
9934
5246
1562
2572
8137
7661
7159
2670
3145
9467
6595
2602
1580
2539
7411
8651
8421
7947
8107
4211
2737
5189
9974
1619
7014
1751
5409
1264
2330
9784
5595
2127
1246
4869
7545
9562
9258
2876
2109
6057
8286
4614
2683
1527
7681
3064
9856
7605
8542
1844
8568
5575
7810
6162
2269
3579
2242
3076
1256
1452
6175
8721
9915
9574
1533
7999
9926
2363
7688
4581
9846
8215
6297
6637
1411
1718
9092
7327
7839
8880
6718
9045
3718
1000
8992
2171
1195
5330
3616
1198
1240
4525
3705
1482
7207
7745
3658
1853
6052
5278
7725
7593
2099
3291
1353
2721
9426
7417
7730
1513
2206
9767
7010
9381
1144
9311
4351
6389
9302
5328
6495
6000
8052
5987
6319
2772
4363
1240