0.53021
0.25305
0.38909
0.81850
0.84163
0.35368
0.60393
0.82453
0.77962
0.68661
0.79432
0.16995
0.50067
0.86656
0.21035
0.60985
0.84218
0.35002
0.88412
0.58619
0.96257
0.89899
0.83555
0.79962
0.09386
0.45466
0.22649
0.65608
0.40204
0.15793
0.69273
0.06256
0.89235
0.38673
0.54149
0.53381
0.80141
0.77760
0.42438
0.23800
0.08942
0.76918
0.18982
0.55187
0.85303
0.65590
0.40913
0.91009
0.84174
0.51602
0.48165
0.31190
0.43463
0.38919
0.25086
0.61369
0.93651
0.57440
0.63933
0.76007
0.48283
0.69478
0.46277
0.03581
0.15219
0.11694
0.72936
0.64719
0.11559
0.85552
0.62509
0.51365
0.45727
0.95690
0.21252
0.31777
0.91729
0.55024
0.73966
0.01870
0.02228
0.53809
0.84258
0.20739
0.66575
0.19192
0.51933
0.31993
0.55111
0.76734
0.67014
0.55190
0.42504
0.28833
0.42455
0.65474
0.26703
0.92888
0.76959
0.34751
0.17408
0.08004
0.49579
0.93520
0.96824
0.16992
0.14994
0.67522
0.91536
0.26780
0.08792
0.23173
0.32053
0.87251
0.77094
0.90751
0.85313
0.38531
0.27831
0.59722
0.29480
0.19476
0.51764
0.03509
0.80800
0.42497
0.11416
0.79942
0.89888
0.16515
0.48360
0.86125
0.02622
0.66753
0.30285
0.72613
0.26887
0.91486
0.55707
0.78247
0.51111
0.07850
0.28933
0.90465
0.69223
0.96960
0.69451
0.21972
0.26730
0.79169
0.58924
0.45522
0.87650
0.20872
0.12746
0.34034
0.29836
0.29957
0.62063
0.93042
0.70012
0.57976
0.37500
0.09529
0.52135
0.90953
0.54955
0.18057
0.94804
0.56781
0.34716
0.01683
0.13313
0.68750
0.19520
0.03612
0.26719
0.06978
0.98472
0.29331
0.26022
0.54257
0.51684
0.08752
0.48817
0.74479
0.17241
0.47894
0.92798
0.74030
0.59025
0.50407
0.13916
0.90987
0.81036
0.79521
0.01391
0.23451
0.96410
0.61804
0.08769
0.01119
0.58695
0.53137
0.06485
0.78991
0.77148
0.78078
0.04709
0.20696
0.61446
0.96659
0.55527
0.37374
0.07531
0.90714
0.71539
0.64416
0.74344
0.11946
0.37386
0.05646
0.69792
0.27408
0.15090
0.70025
0.74273
0.33351
0.38876
0.83366
0.96964
0.49782
0.43593
0.85249
0.26780
0.41944
0.82974
0.78961
0.78095
0.45164
0.86497
0.60580
0.15964
0.56425
0.37808
0.55352
0.19568
0.56579
0.19147
0.35494
0.92625
0.99542
0.89595
0.58435
0.92624
0.09282
0.67255
0.49897
0.01122
0.31819
0.25785
0.08671
0.86471
0.20800
0.84222
0.11670
0.32212
0.29296
0.22611
0.71540
0.49423
0.34194
0.88587
0.11364
0.67177
0.76505
0.63673
0.85970
0.08259
0.37040
0.95250
0.60248
0.50145
0.88769
0.32261
0.58050
0.61647
0.29532
0.92252
0.69591
0.61532
0.75262
0.12111
0.83838
0.06706
0.36436
0.96344
0.43098
0.54650
0.14516
0.25306
0.69894
0.52438
0.59967
0.39173
0.39477
0.82121
0.19083
0.16781
0.61579
0.65879
0.84148
0.73807
0.94547
0.32854
0.86771
0.64303
0.75860
0.05599
0.97753
0.49865
0.15801
0.65434
0.32475
0.82360
0.50636
0.60849
0.67651
0.47462
0.32275
0.15431
0.02550
0.19651
0.70024
0.13622
0.76247
0.20359
0.23419
0.32021
0.25101
0.34702
0.01847
0.40249
0.25651
0.72697
0.93095
0.27762
0.89716
0.32777
0.25295
0.02453
0.15337
0.39026
0.57682
0.17790
0.32017
0.05164
0.77469
0.02292
0.75947
0.97491
0.30576
0.34030
0.37474
0.87381
0.40744
0.70134
0.79338
0.79679
0.16478
0.69740
0.62259
0.02193
0.83120
0.24734
0.09893
0.35365
0.54967
0.84198
0.07364
0.02290
0.56047
0.16157
0.17126
0.54128
0.37797
0.28120
0.61053
0.11326
0.32602
0.65306
0.04823
0.90847
0.75269
0.92680
0.91325
0.14129
0.38307
0.72631
0.81596
0.09528
0.84557
0.46343
0.53714
0.62567
0.76576
0.58355
0.36037
0.32217
0.53285
0.92925
0.16100
0.94278
0.20985
0.98387
0.10281
0.92739
0.18696
0.82701
0.34711
0.02891
0.07874
0.88464
0.39070
0.45813
0.91623
0.14820
0.69426
0.21389
0.96795
0.74222
0.78256
0.01982
0.42763
0.97028
0.30842
0.83005
0.80883
0.38048
0.77119
0.49894
0.44302
0.86634
0.18533
0.68658
0.93160
0.41559
0.24078
0.60294
0.07479
0.36326
0.74472
0.02250
0.24991
0.87124
0.77296
0.78579
0.51284
0.11235
0.68094
0.53322
0.94241
0.20474
0.82947
0.97273
0.62524
0.22911
0.31987
0.58738
0.27074
0.27533
0.04809
0.40859
0.01686
0.36933
0.20468
0.96548
0.03727
0.52524
0.40025
0.59212
0.95632
0.10739
0.15511
0.80141
0.34317
0.72248
0.76276
0.41336
0.27937
0.27759
0.01195
0.11390
0.57616
0.88838
0.93107
0.22302
0.03670
0.12037
0.18719
0.31400
0.73101
0.81332
0.62846
0.92268
0.86651
0.20524
0.05920
0.97413
0.84661
0.51717
0.87273
0.78572
0.98881
0.26276
0.23046
0.96187
0.29799
0.78263
0.98620
0.03561
0.27413
0.83798
0.04276
0.96200
0.06831
0.35028
0.67748
0.84605
0.99444
0.95899
0.75779
0.12090
0.07372
0.46517
0.69142
0.85977
0.19117
0.59358
0.02760
0.76248
0.11874
0.60133
0.76187
0.01368
0.94380
0.01724
0.15386
0.45862
0.79886
0.89642
0.24121
0.29345
0.56624
0.95903
0.11512
0.14532
0.36169
0.77006
0.29995
0.83053
0.67970
0.39995
0.27080
0.51571
0.72823
0.77164
0.60788
0.09862
0.40930
0.99054
0.66450
0.07390
0.73252
0.69775
0.92647
0.06164
0.16701
0.25937
0.12570
0.70247
0.60350
0.64282
0.34335
0.92687
0.13896
0.14066
0.30384
0.93873
0.47843
0.44541
0.33635
0.85291
0.77202
0.06781
0.17705
0.42325
0.51140
0.58643
0.48348
0.94887
0.89959
0.18445
0.41175
0.68752
0.03540
0.01386
0.53501
0.34347
0.92796
0.03554
0.39034
0.78596
0.29284
0.84118
0.36084
0.10772
0.98513
0.29095
0.89955
0.14147
0.17496
0.54982
0.23685
0.01588
0.81778
0.71147
0.71022
0.67686
0.90851
0.93916
0.67431
0.56045
0.96877
0.48705
0.07373
0.96272
0.79481
0.51196
0.68058
0.57852
0.83993
0.11789
0.69373
0.99824
0.72866
0.65975
0.78957
0.22251
0.03032
0.08330
0.31266
0.54605
0.90642
0.79531
0.50708
0.30160
0.53138
0.51706
0.00790
0.24487
0.78198
0.30119
0.19484
0.63859
0.87718
0.06873
0.39798
0.96480
0.02153
0.03646
0.79707
0.62671
0.29194
0.44374
0.35182
0.48629
0.93942
0.36092
0.76572
0.77066
0.48987
0.64187
0.80491
0.68566
0.67313
0.10503
0.49773
0.46940
0.55136
0.92689
0.89145
0.62886
0.07694
0.47049
0.03710
0.42772
0.04700
0.88974
0.42798
0.50837
0.97517
0.25132
0.69916
0.19531
0.00236
0.28517
0.54973
0.00830
0.23436
0.95289
0.18528
0.18098
0.15351
0.68833
0.02714
0.73460
0.94157
0.76113
0.37187
0.54552
0.92540
0.04527
0.43220
0.68092
0.11732
0.58722
0.99125
0.87370
0.37551
0.57079
0.82258
0.46810
0.75387
0.20294
0.68693
0.72346
0.22379
0.47033
0.93789
0.06242
0.36794
0.63569
0.66988
0.01955
0.77219
0.07501
0.73584
0.83325
0.96566
0.00559
0.99557
0.73268
0.41114
0.44693
0.74417
0.65528
0.46647
0.17913
0.42378
0.67698
0.03179
0.31157
0.08389
0.13207
0.19119
0.00827
0.82484
0.25845
0.58801
0.85256
0.11777
0.76713
0.25660
0.01369
0.42410
0.83261
0.30890
0.91411
0.08214
0.57416
0.71297
0.71129
0.45076
0.94069
0.93742
0.92805
0.68326
0.33333
0.93333
0.31129
0.08552
0.29469
0.50327
0.73228
0.13920
0.98824
0.44699
0.85990
0.20466
0.31558
0.75457
0.36876
0.67472
0.01518
0.86618
0.78694
0.64372
0.76470
0.54589
0.37832
0.72070
0.26170
0.22001
0.65587
0.75559
0.88796
0.59668
0.94527
0.14188
0.38845
0.53116
0.08693
0.26513
0.60651
0.85509
0.51410
0.79862
0.31758
0.37616
0.84261
0.37284
0.14412
0.90777
0.57425
0.45925
0.16084
0.79983
0.00944
0.37954
0.76754
0.89759
0.81320
0.24568
0.19255
0.83266
0.53428
0.88408
0.94146
0.92334
0.90409
0.87380
0.67176
0.65516
0.80662
0.63586
0.23775
0.57909
0.49586
0.30884
0.11725
0.65319
0.11779
0.74004
0.58598
0.04263
0.13107
0.14120
0.32503
0.74134
0.19858
0.43068
0.18198
0.30314
0.57914
0.14578
0.81777
0.66589
0.66763
0.97140
0.23644
0.20030
0.50055
0.37632
0.93734
0.16617
0.21969
0.81211
0.85383
0.10368
0.11965
0.01654
0.65973
0.46167
0.35013
0.72324
0.07420
0.39085
0.34963
0.73600
0.28294
0.25108
0.88685
0.99627
0.76713
0.79778
0.00449
0.95681
0.27135
0.97504
0.18543
0.79706
0.41276
0.08671
0.98051
0.52739
0.78520
0.18147
0.19066
0.80688
0.67139
0.98087
0.94463
0.34811
0.65056
0.83197
0.03691
0.54291
0.24385
0.66201
0.26032
0.50136
0.13614
0.80854
0.72236
0.15372
0.43326
0.26050
0.20411
0.44457
0.48342
0.20309
0.69225
0.61702
0.62900
0.48866
0.79836
0.93462
0.12301
0.30172
0.16497
0.78014
0.45546
0.18757
0.30709
0.60473
0.21267
0.13859
0.22431
0.06016
0.71725
0.03103
0.59002
0.58733
0.32130
0.00192
0.41939
0.65974
0.78138
0.48232
0.08702
0.23317
0.38334
0.31196
0.98547
0.15272
0.94240
0.95287
0.74202
0.78387
0.46020
0.31986
0.03646
0.44787
0.93572
0.69850
0.06000
0.31775
0.88997
0.58103
0.28303
0.08000
0.97408
0.09854
0.37116
0.63242
0.19486
0.78621
0.01579
0.41513