0.14447
0.45841
0.36106
0.63388
0.49821
0.39852
0.02209
0.35575
0.60120
0.51214
0.88843
0.09910
0.95362
0.78876
0.75879
0.28517
0.33546
0.86513
0.94999
0.19576
0.84874
0.36253
0.38900
0.99946
0.30981
0.17739
0.56659
0.06431
0.22173
0.71683
0.74300
0.09688
0.27268
0.58075
0.60648
0.65828
0.91418
0.16090
0.55951
0.20972
0.73642
0.44448
0.17872
0.08536
0.18531
0.36778
0.49304
0.67443
0.19194
0.60953
0.15848
0.90968
0.32278
0.82008
0.90470
0.99141
0.80928
0.53848
0.43578
0.41068
0.25603
0.14917
0.62145
0.97277
0.16627
0.46316
0.71929
0.16883
0.88520
0.19769
0.95738
0.76257
0.20915
0.70774
0.25489
0.82626
0.59043
0.05645
0.64444
0.70079
0.73026
0.70851
0.46170
0.51395
0.28463
0.17726
0.04216
0.79373
0.25221
0.14949
0.50855
0.57648
0.13841
0.70196
0.69504
0.45402
0.79214
0.83007
0.69994
0.86109
0.46440
0.70122
0.74025
0.00240
0.93014
0.24453
0.81823
0.14079
0.77533
0.96704
0.77175
0.71456
0.79587
0.00009
0.93716
0.12643
0.77617
0.49602
0.47483
0.72833
0.29178
0.69561
0.97748
0.78889
0.02097
0.37157
0.13742
0.39839
0.99909
0.33743
0.85569
0.58015
0.27868
0.00442
0.45536
0.63952
0.80982
0.45812
0.87154
0.03183
0.90403
0.43353
0.46247
0.21060
0.41053
0.59836
0.87823
0.59669
0.17403
0.68687
0.13993
0.25318
0.58984
0.59108
0.17722
0.64971
0.59521
0.08224
0.87951
0.97940
0.42690
0.66263
0.97552
0.24335
0.37092
0.25103
0.43919
0.59809
0.09362
0.45461
0.42529
0.80268
0.17396
0.19949
0.82410
0.21164
0.44871
0.61012
0.88422
0.59053
0.02606
0.86824
0.38132
0.85928
0.24092
0.79786
0.39967
0.58675
0.57195
0.26261
0.82664
0.50016
0.44761
0.67671
0.06086
0.57679
0.20293
0.61481
0.64012
0.97910
0.22963
0.12422
0.30906
0.47501
0.39877
0.95124
0.18249
0.80130
0.55085
0.84684
0.29093
0.68087
0.89404
0.15440
0.28356
0.28858
0.43704
0.46556
0.99754
0.37980
0.51235
0.74657
0.41424
0.01506
0.43690
0.74533
0.90152
0.79329
0.55974
0.59334
0.36346
0.53342
0.18947
0.65526
0.45479
0.66124
0.10616
0.38389
0.42543
0.03624
0.23844
0.10646
0.75015
0.27985
0.09266
0.01041
0.12857
0.90627
0.42955
0.67213
0.75848
0.92008
0.40739
0.11407
0.83929
0.41560
0.07815
0.97124
0.88027
0.09723
0.33360
0.03362
0.87478
0.20004
0.89964
0.60223
0.39295
0.06796
0.94801
0.30062
0.39595
0.42992
0.81068
0.31935
0.93127
0.08613
0.03113
0.46916
0.58167
0.75700
0.31488
0.35626
0.17211
0.69633
0.40387
0.84222
0.72094
0.75196
0.14880
0.96668
0.20985
0.35404
0.99972
0.58486
0.49230
0.05952
0.35136
0.43196
0.29576
0.15570
0.19933
0.08405
0.93239
0.68970
0.87672
0.17906
0.72366
0.52967
0.00750
0.55086
0.48090
0.36417
0.05209
0.62181
0.71398
0.97394
0.96524
0.27320
0.15286
0.72074
0.37757
0.79409
0.25934
0.62619
0.51618
0.09956
0.57754
0.35291
0.60638
0.88468
0.83988
0.66728
0.23274
0.16049
0.24741
0.04432
0.02974
0.44247
0.26671
0.39886
0.58550
0.26898
0.63791
0.71188
0.42051
0.67809
0.13358
0.44697
0.83690
0.43731
0.87913
0.57561
0.67562
0.98755
0.75733
0.13294
0.06282
0.87238
0.36941
0.43023
0.44638
0.59034
0.84681
0.67958
0.87449
0.18231
0.82789
0.48402
0.90032
0.95596
0.84423
0.44659
0.99244
0.50080
0.94965
0.69062
0.99605
0.42276
0.09263
0.97236
0.77562
0.57925
0.09402
0.17795
0.72835
0.39983
0.48742
0.32678
0.11230
0.22032
0.76849
0.80534
0.17264
0.69770
0.26335
0.00777
0.65517
0.08520
0.31304
0.92539
0.33595
0.98493
0.52882
0.72167
0.06089
0.55146
0.99538
0.03482
0.24550
0.81448
0.36175
0.47385
0.98526
0.47710
0.17251
0.14398
0.53065
0.10137
0.15271
0.39220
0.07803
0.51164
0.51452
0.33404
0.54904
0.07799
0.24175
0.67539
0.47996
0.66510
0.17997
0.62389
0.74938
0.27586
0.20276
0.47046
0.19957
0.28230
0.80533
0.89410
0.37169
0.77873
0.16370
0.09613
0.68854
0.75360
0.40339
0.75149
0.91201
0.80341
0.30936
0.89157
0.08698
0.40461
0.66941
0.28698
0.96421
0.67883
0.34866
0.59870
0.99830
0.37536
0.32499
0.61341
0.38984
0.43052
0.90463
0.84108
0.88159
0.78791
0.14368
0.83121
0.99505
0.11762
0.52348
0.48746
0.71054
0.77694
0.09345
0.78150
0.73059
0.47733
0.16057
0.70170
0.88776
0.52765
0.94285
0.62647
0.37515
0.97552
0.72443
0.91602
0.41425
0.98643
0.73836
0.70618
0.99393
0.10112
0.04057
0.57784