522
745
762
338
457
109
736
182
263
701
221
949
930
921
839
619
721
218
923
164
128
389
679
557
554
336
245
619
301
260
814
788
405
530
729
667
533
695
799
757
202
709
216
491
295
601
509
793
878
533
350
667
135
111
806
317
971
392
802
816
545
739
127
802
895
447
250
794
498
811
332
710
693
615
761
518
829
375
509
522
428
600
258
921
933
180
968
288
145
228
458
492
651
523
782
444
790
809
469
290
667
561
742
767
696
881
681
638
681
393
156
545
285
857
708
537
357
825
996
343
310
130
232
599
423
458
732
259
278
749
235
632
477
189
758
451
967
486
963
885
723
603
630
615
330
944
911
134
622
275
974
894
427
489
203
666
705
667
861
339
513
855
609
439
808
490
925
767
982
875
125
665
343
592
308
732
899
790
404
342
421
762
576
906
340
338
778
539
542
192
707
232
207
618
173
772
560
979
849
419
314
622
106
970
789
705
560
518
352
422
962
680
464
804
161
670
286
696
461
286
542
702
930
774
770
429
579
866
275
898
114
863
400
908
555
272
418
837
212
314
652
917
108
386
867
511
523
877
844
776
616
348
649
620
177
816
846
859
223
561
142
838
680
641
345
158
169
450
403
649
957
504
373
810
323
252
899
342
157
966
382
672
210
410
292
467
513
608
303
964
288
897
905
329
370
290
575
443
689
966
945
282
523
419
962
226
863
823
813
446
876
885
352
794
397
342
911
937
529
518
899
612
315
654
267
965
125
286
407
745
399
153
397
635
389
385
218
512
649
417
724
891
331
599
596
950
483
785
578
814
491
691
100
548
982
771
206
709
741
494
357
760
267
556
527
486
366
213
661
149
629
459
827
544
199
374
167
507
594
648
299
308
357
186
235
601
206
459
951
919
675
394
111
415
697
852
341
257
412
748
762
378
551
733
730
630
186
627
218
159
395
351
966
272
730
741
165
711
303
619
857
581
401
222
467
852
702
441
322
889
926
168
429
940
224
281
595
382
676
861
115
301
871
934
297
427
654
975
834
488
301
671
397
871
602
715
291
400
709
414
553
344
669
955
832
868
519
904
345
517
622
490
470
523
486
818
952
293
565
569
836
509
798
711
264
411
401
242
391
445
316
609
988
825
556
533
977
742
837
983